1 0
2 2
3 0
4 3
5 3
6 0
7 0
8 0
9 5
10 0
11 5
12 7
13 3
14 0
15 0
16 4
17 5
18 20
19 6
20 0
21 8
22 0
23 0
24 0
25 5
26 3
27 0
28 0
29 0
30 2
31 6
32 2
33 0
34 4
35 0
36 4
37 3
38 0
39 0
40 6
41 0
42 1
43 0
44 2
45 1
46 0
47 13
48 0
49 0
50 0
51 0
52 1
53 0
54 2
55 5
56 0
57 0
58 3
59 0
60 0
61 3
62 2
63 18
64 0
65 15
66 0
67 0
68 0
69 0
70 0
71 22
72 0
73 0
74 1
75 2
76 0
77 0
78 0
79 0
80 0
81 0
82 2
83 0
84 2
85 1
86 0
87 0
88 0
89 0
90 0
91 2
92 2
93 4
94 0
95 2
96 4
97 10
98 24
99 9
100 0
101 2
102 5
103 0
104 0
105 0
106 0
107 8
108 0
109 2
110 0
111 1
112 0
113 1
114 2
115 3
116 3
117 0
118 0
119 5
120 0
121 0
122 0
123 0
124 15
125 1
126 0
127 0
128 0
129 1
130 0
131 4
132 8
133 0
134 0
135 2
136 0
137 6
138 4
139 0
140 3
141 0
142 0
143 0
144 0
145 0
146 3
147 2
148 0
149 0
150 0
151 5
152 0
153 0
154 8
155 0
156 0
157 0
158 0
159 0
160 0
161 1
162 4
163 0
164 0
165 1
166 1
167 7
168 0
169 0
170 2
171 0
172 2
173 0
174 0
175 0
176 0
177 0
178 4
179 0
180 0
181 0
182 0
183 1
184 2
185 0
186 2
187 0
188 1
189 0
190 12
191 7
192 0
193 3
194 3
195 0
196 0
197 2
198 0
199 0
200 5
201 0
202 0
203 0
204 0
205 0
206 0
207 0
208 7
209 5
210 3
211 0
212 1
213 1
214 0
215 0
216 1
217 0
218 0
219 5
220 0
221 3
222 0
223 6
224 0
225 0
226 0
227 0
228 0
229 2
230 18
231 0
232 0
233 2
234 9
235 0
236 0
237 8
238 0
239 0
240 1
241 1
242 1
243 0
244 0
245 3
246 0
247 2
248 0
249 3
250 7
251 1
252 0
253 1
254 1
255 0
256 1
257 2
258 2
259 2
260 1
261 0
262 0
263 0
264 0
265 0
266 8
267 0
268 5
269 0
270 0
271 0
272 7
273 0
274 0
275 0
276 1
277 0
278 0
279 0
280 0
281 0
282 1
283 0
284 1
285 7
286 0
287 0
288 8
289 0
290 3
291 0
292 0
293 0
294 1
295 0
296 24
297 1
298 0
299 0
300 0
301 2
302 0
303 4
304 0
305 0
306 0
307 5
308 0
309 0
310 1
311 0
312 0
313 8
314 1
315 5
316 0
317 3
318 0
319 3
320 1
321 2
322 7
323 6
324 0
325 1
326 0
327 0
328 0
329 4
330 0
331 6
332 0
333 1
334 0
335 4
336 0
337 0
338 0
339 5
340 0
341 19
342 1
343 5
344 1
345 6
346 1
347 1
348 1
349 5
350 2
351 0
352 0
353 5
354 2
355 0
356 0
357 0
358 1
359 0
360 0
361 5
362 0
363 7
364 3
365 7
366 5
367 1
368 0
369 1
370 4
371 0
372 0
373 3
374 3
375 19
376 17
377 4
378 2
379 0
380 0
381 1
382 0
383 21
384 1
385 1
386 0
387 0
388 3
389 0
390 0
391 0
392 2
393 0
394 0
395 0
396 4
397 0
398 3
399 0
400 2
401 0
402 0
403 3
404 0
405 0
406 0
407 2
408 4
409 3
410 0
411 1
412 1
413 1
414 1
415 3
416 10
417 3
418 4
419 0
420 2
421 0
422 0
423 0
424 3
425 18
426 8
427 2
428 2
429 1
430 0
431 8
432 1
433 0
434 0
435 0
436 0
437 0
438 7
439 0
440 2
441 0
442 2
443 0
444 0
445 13
446 0
447 10
448 13
449 0
450 0
451 0
452 0
453 0
454 1
455 4
456 0
457 0
458 0
459 0
460 2
461 0
462 2
463 15
464 0
465 0
466 2
467 0
468 0
469 5
470 1
471 0
472 0
473 0
474 0
475 6
476 2
477 0
478 0
479 5
480 3
481 0
482 1
483 9
484 21
485 0
486 2
487 0
488 9
489 10
490 4
491 5
492 0
493 0
494 0
495 1
496 3
497 1
498 5
499 4
500 4
501 0
502 0
503 3
504 6
505 2
506 0
507 2
508 0
509 0
510 0
511 6
512 0
513 1
514 7
515 0
516 16
517 2
518 0
519 1
520 0
521 0
522 18
523 0
524 6
525 0
526 0
527 2
528 0
529 0
530 0
531 0
532 3
533 1
534 0
535 5
536 0
537 9
538 8
539 0
540 1
541 2
542 4
543 2
544 0
545 0
546 4
547 1
548 7
549 0
550 0
551 1
552 0
553 0
554 0
555 0
556 0
557 5
558 0
559 0
560 3
561 11
562 4
563 0
564 0
565 0
566 1
567 0
568 0
569 4
570 0
571 2
572 0
573 0
574 0
575 5
576 0
577 0
578 0
579 19
580 1
581 6
582 7
583 3
584 0
585 19
586 4
587 0
588 0
589 0
590 0
591 0
592 0
593 0
594 0
595 0
596 0
597 0
598 0
599 0
600 3
601 0
602 0
603 0
604 3
605 2
606 1
607 3
608 0
609 0
610 1
611 0
612 1
613 0
614 2
615 6
616 0
617 0
618 0
619 1
620 0
621 25
622 0
623 1
624 0
625 0
626 3
627 0
628 1
629 0
630 1
631 0
632 0
633 4
634 0
635 3
636 0
637 16
638 0
639 17
640 9
641 1
642 1
643 0
644 0
645 1
646 0
647 1
648 1
649 2
650 0
651 0
652 0
653 1
654 2
655 19
656 0
657 0
658 0
659 1
660 2
661 14
662 6
663 1
664 0
665 0
666 13
667 3
668 15
669 0
670 1
671 1
672 4
673 20
674 0
675 0
676 0
677 0
678 3
679 0
680 0
681 0
682 0
683 4
684 1
685 0
686 0
687 0
688 0
689 0
690 4
691 6
692 0
693 0
694 6
695 7
696 0
697 0
698 5
699 6
700 0
701 0
702 3
703 0
704 3
705 2
706 14
707 0
708 3
709 2
710 9
711 5
712 12
713 4
714 2
715 1
716 16
717 1
718 2
719 1
720 0
721 1
722 0
723 1
724 0
725 2
726 3
727 5
728 9
729 0
730 0
731 0
732 12
733 0
734 1
735 0
736 0
737 2
738 0
739 1
740 0
741 4
742 0
743 3
744 1
745 0
746 4
747 0
748 2
749 0
750 0
751 3
752 0
753 4
754 0
755 0
756 3
757 0
758 0
759 0
760 26
761 0
762 3
763 0
764 1
765 0
766 0
767 13
768 0
769 0
770 3
771 5
772 0
773 17
774 0
775 0
776 4
777 5
778 15
779 0
780 19
781 0
782 0
783 0
784 0
785 0
786 0
787 0
788 0
789 8
790 1
791 0
792 0
793 2
794 0
795 0
796 0
797 1
798 0
799 0
800 0
801 0
802 0
803 0
804 0
805 1
806 19
807 2
808 0
809 10
810 0
811 0
812 2
813 6
814 2
815 10
816 0
817 5
818 5
819 0
820 13
821 3
822 0
823 0
824 0
825 8
826 9
827 6
828 0
829 2
830 6
831 1
832 0
833 5
834 1
835 0
836 9
837 0
838 4
839 12
840 5
841 0
842 1
843 1
844 2
845 0
846 0
847 1
848 5
849 2
850 5
851 0
852 0
853 0
854 0
855 0
856 0
857 18
858 1
859 4
860 0
861 0
862 0
863 0
864 0
865 0
866 9
867 2
868 0
869 1
870 0
871 0
872 0
873 0
874 3
875 8
876 0
877 1
878 0
879 1
880 0
881 1
882 1
883 0
884 0
885 3
886 0
887 7
888 2
889 2
890 0
891 7
892 11
893 0
894 4
895 0
896 0
897 1
898 0
899 1
900 4
901 0
902 1
903 2
904 0
905 0
906 1
907 5
908 0
909 0
910 8
911 1
912 1
913 5
914 2
915 0
916 0
917 0
918 0
919 0
920 1
921 2
922 19
923 0
924 2
925 3
926 1
927 4
928 0
929 1
930 13
931 0
932 1
933 4
934 0
935 4
936 6
937 3
938 0
939 5
940 4
941 0
942 3
943 2
944 7
945 7
946 2
947 5
948 7
949 19
950 1
951 0
952 6
953 0
954 1
955 3
956 2
957 0
958 2
959 0
960 2
961 4
962 0
963 6
964 0
965 0
966 1
967 2
968 1
969 0
970 0
971 0
972 0
973 9
974 2
975 3
976 0
977 0
978 4
979 0
980 0
981 1
982 2
983 5
984 0
985 0
986 0
987 0
988 13
989 1
990 1
991 0
992 0
993 2
994 4
995 0
996 14
997 4
998 13
999 0
1000 3
1001 1
1002 2
1003 0
1004 0
1005 2
1006 8
1007 0
1008 5
1009 0
1010 5
1011 5
1012 0
1013 0
1014 1
1015 3
1016 1
1017 1
1018 0
1019 20
1020 2
1021 0
1022 0
1023 0
1024 0
1025 0
1026 8
1027 0
1028 14
1029 0
1030 0
1031 0
1032 3
1033 7
1034 2
1035 5
1036 1
1037 0
1038 0
1039 0
1040 4
1041 0
1042 0
1043 14
1044 11
1045 1
1046 0
1047 0
1048 0
1049 0
1050 4
1051 7
1052 0
1053 0
1054 0
1055 2
1056 0
1057 4
1058 2
1059 3
1060 21
1061 0
1062 2
1063 19
1064 4
1065 12
1066 2
1067 0
1068 0
1069 5
1070 0
1071 0
1072 0
1073 4
1074 1
1075 5
1076 1
1077 0
1078 0
1079 0
1080 1
1081 0
1082 0
1083 0
1084 3
1085 0
1086 0
1087 0
1088 0
1089 4
1090 0
1091 0
1092 2
1093 7
1094 0
1095 17
1096 12
1097 7
1098 0
1099 4
1100 2
1101 1
1102 0
1103 0
1104 6
1105 4
1106 3
1107 1
1108 0
1109 0
1110 0
1111 0
1112 3
1113 3
1114 5
1115 0
1116 0
1117 4
1118 1
1119 0
1120 2
1121 1
1122 0
1123 19
1124 0
1125 1
1126 4
1127 3
1128 0
1129 3
1130 0
1131 1
1132 0
1133 0
1134 0
1135 1
1136 6
1137 9
1138 0
1139 1
1140 0
1141 0
1142 0
1143 0
1144 1
1145 0
1146 2
1147 2
1148 0
1149 3
1150 0
1151 2
1152 7
1153 6
1154 0
1155 3
1156 5
1157 7
1158 0
1159 0
1160 3
1161 8
1162 0
1163 0
1164 1
1165 5
1166 0
1167 0
1168 13
1169 0
1170 2
1171 0
1172 4
1173 7
1174 0
1175 0
1176 3
1177 0
1178 0
1179 0
1180 0
1181 0
1182 0
1183 0
1184 0
1185 1
1186 19
1187 0
1188 1
1189 5
1190 0
1191 21
1192 5
1193 4
1194 1
1195 0
1196 19
1197 4
1198 5
1199 1
1200 0
1201 3
1202 0
1203 0
1204 5
1205 1
1206 0
1207 0
1208 4
1209 1
1210 4
1211 0
1212 0
1213 6
1214 1
1215 0
1216 4
1217 4
1218 0
1219 0
1220 4
1221 9
1222 0
1223 1
1224 1
1225 1
1226 11
1227 0
1228 2
1229 1
1230 1
1231 4
1232 10
1233 1
1234 1
1235 0
1236 1
1237 0
1238 0
1239 0
1240 0
1241 8
1242 17
1243 2
1244 0
1245 4
1246 7
1247 18
1248 0
1249 13
1250 3
1251 2
1252 12
1253 0
1254 0
1255 6
1256 0
1257 2
1258 2
1259 0
1260 3
1261 0
1262 1
1263 5
1264 0
1265 5
1266 15
1267 0
1268 11
1269 2
1270 0
1271 4
1272 1
1273 0
1274 0
1275 0
1276 0
1277 12
1278 0
1279 0
1280 4
1281 1
1282 10
1283 24
1284 1
1285 0
1286 1
1287 10
1288 4
1289 0
1290 0
1291 0
1292 1
1293 0
1294 5
1295 0
1296 7
1297 0
1298 0
1299 7
1300 8
1301 0
1302 0
1303 0
1304 0
1305 0
1306 2
1307 0
1308 19
1309 12
1310 1
1311 0
1312 0
1313 0
1314 3
1315 0
1316 0
1317 0
1318 0
1319 2
1320 0
1321 2
1322 0
1323 0
1324 0
1325 3
1326 0
1327 0
1328 4
1329 3
1330 2
1331 3
1332 0
1333 0
1334 0
1335 1
1336 0
1337 2
1338 0
1339 0
1340 4
1341 2
1342 1
1343 0
1344 0
1345 4
1346 0
1347 2
1348 2
1349 0
1350 0
1351 0
1352 6
1353 0
1354 14
1355 0
1356 1
1357 2
1358 0
1359 10
1360 0
1361 1
1362 0
1363 0
1364 6
1365 3
1366 7
1367 13
1368 0
1369 6
1370 3
1371 7
1372 2
1373 1
1374 0
1375 5
1376 4
1377 0
1378 0
1379 1
1380 0
1381 0
1382 0
1383 1
1384 9
1385 3
1386 2
1387 0
1388 5
1389 18
1390 0
1391 5
1392 4
1393 0
1394 0
1395 0
1396 0
1397 0
1398 2
1399 0
1400 2
1401 0
1402 6
1403 1
1404 6
1405 11
1406 0
1407 0
1408 0
1409 0
1410 0
1411 0
1412 0
1413 1
1414 2
1415 0
1416 1
1417 1
1418 0
1419 0
1420 6
1421 0
1422 0
1423 1
1424 1
1425 10
1426 0
1427 0
1428 1
1429 23
1430 6
1431 0
1432 0
1433 0
1434 0
1435 1
1436 2
1437 0
1438 6
1439 9
1440 8
1441 4
1442 3
1443 2
1444 6
1445 0
1446 0
1447 17
1448 4
1449 3
1450 0
1451 0
1452 0
1453 2
1454 7
1455 6
1456 0
1457 5
1458 0
1459 0
1460 13
1461 0
1462 1
1463 4
1464 4
1465 2
1466 3
1467 4
1468 9
1469 4
1470 0
1471 5
1472 0
1473 7
1474 3
1475 0
1476 0
1477 0
1478 2
1479 0
1480 1
1481 0
1482 0
1483 1
1484 3
1485 3
1486 0
1487 0
1488 0
1489 2
1490 3
1491 8
1492 0
1493 1
1494 0
1495 0
1496 0
1497 8
1498 0
1499 0
1500 0
1501 0
1502 0
1503 0
1504 0
1505 0
1506 0
1507 1
1508 0
1509 0
1510 10
1511 7
1512 0
1513 0
1514 5
1515 0
1516 3
1517 0
1518 0
1519 0
1520 0
1521 0
1522 2
1523 1
1524 2
1525 0
1526 0
1527 6
1528 0
1529 3
1530 15
1531 21
1532 1
1533 0
1534 0
1535 6
1536 10
1537 1
1538 15
1539 1
1540 1
1541 0
1542 1
1543 3
1544 0
1545 0
1546 0
1547 0
1548 6
1549 2
1550 5
1551 5
1552 0
1553 0
1554 3
1555 5
1556 0
1557 3
1558 0
1559 10
1560 22
1561 16
1562 0
1563 0
1564 0
1565 0
1566 14
1567 0
1568 0
1569 1
1570 4
1571 3
1572 3
1573 2
1574 4
1575 6
1576 0
1577 2
1578 1
1579 3
1580 0
1581 1
1582 4
1583 2
1584 2
1585 0
1586 0
1587 0
1588 0
1589 6
1590 0
1591 1
1592 1
1593 0
1594 0
1595 0
1596 11
1597 0
1598 0
1599 0
1600 0
1601 1
1602 7
1603 0
1604 0
1605 1
1606 2
1607 0
1608 5
1609 0
1610 0
1611 4
1612 8
1613 0
1614 0
1615 7
1616 0
1617 2
1618 5
1619 1
1620 0
1621 0
1622 0
1623 0
1624 5
1625 4
1626 4
1627 0
1628 0
1629 1
1630 2
1631 0
1632 4
1633 0
1634 0
1635 1
1636 0
1637 3
1638 0
1639 16
1640 2
1641 6
1642 3
1643 0
1644 0
1645 4
1646 0
1647 0
1648 0
1649 23
1650 8
1651 0
1652 0
1653 1
1654 0
1655 0
1656 3
1657 14
1658 0
1659 5
1660 1
1661 4
1662 10
1663 0
1664 2
1665 1
1666 18
1667 2
1668 0
1669 6
1670 0
1671 0
1672 1
1673 2
1674 2
1675 2
1676 0
1677 1
1678 0
1679 1
1680 1
1681 3
1682 0
1683 0
1684 0
1685 0
1686 16
1687 0
1688 0
1689 6
1690 0
1691 5
1692 2
1693 17
1694 0
1695 4
1696 6
1697 2
1698 1
1699 2
1700 1
1701 0
1702 2
1703 1
1704 0
1705 0
1706 4
1707 3
1708 0
1709 1
1710 3
1711 2
1712 0
1713 0
1714 0
1715 0
1716 1
1717 8
1718 0
1719 7
1720 0
1721 0
1722 3
1723 1
1724 1
1725 0
1726 1
1727 0
1728 0
1729 2
1730 3
1731 1
1732 2
1733 4
1734 0
1735 9
1736 0
1737 3
1738 21
1739 9
1740 0
1741 0
1742 0
1743 5
1744 0
1745 0
1746 1
1747 1
1748 1
1749 3
1750 1
1751 2
1752 3
1753 0
1754 22
1755 0
1756 1
1757 2
1758 0
1759 0
1760 0
1761 0
1762 5
1763 5
1764 1
1765 0
1766 0
1767 0
1768 0
1769 1
1770 0
1771 5
1772 3
1773 22
1774 0
1775 0
1776 0
1777 0
1778 5
1779 0
1780 0
1781 0
1782 2
1783 0
1784 0
1785 1
1786 0
1787 0
1788 8
1789 4
1790 1
1791 1
1792 0
1793 7
1794 0
1795 1
1796 3
1797 0
1798 0
1799 2
1800 19
1801 0
1802 0
1803 2
1804 1
1805 4
1806 1
1807 13
1808 0
1809 0
1810 2
1811 0
1812 0
1813 3
1814 0
1815 0
1816 3
1817 0
1818 2
1819 0
1820 0
1821 0
1822 2
1823 3
1824 0
1825 18
1826 1
1827 0
1828 7
1829 0
1830 0
1831 1
1832 5
1833 0
1834 2
1835 0
1836 3
1837 0
1838 0
1839 1
1840 1
1841 2
1842 3
1843 2
1844 4
1845 7
1846 2
1847 13
1848 1
1849 1
1850 0
1851 0
1852 0
1853 1
1854 1
1855 2
1856 0
1857 3
1858 0
1859 16
1860 0
1861 1
1862 2
1863 0
1864 0
1865 0
1866 4
1867 0
1868 1
1869 0
1870 0
1871 0
1872 0
1873 0
1874 0
1875 2
1876 0
1877 0
1878 0
1879 0
1880 0
1881 0
1882 1
1883 6
1884 0
1885 7
1886 1
1887 6
1888 0
1889 0
1890 5
1891 0
1892 0
1893 4
1894 23
1895 0
1896 0
1897 2
1898 0
1899 0
1900 7
1901 0
1902 1
1903 6
1904 0
1905 4
1906 5
1907 3
1908 0
1909 0
1910 3
1911 0
1912 3
1913 1
1914 0
1915 0
1916 0
1917 0
1918 3
1919 0
1920 0
1921 0
1922 0
1923 6
1924 0
1925 4
1926 2
1927 5
1928 15
1929 4
1930 0
1931 15
1932 0
1933 1
1934 22
1935 0
1936 0
1937 0
1938 1
1939 1
1940 6
1941 0
1942 0
1943 0
1944 8
1945 0
1946 5
1947 0
1948 3
1949 3
1950 13
1951 0
1952 15
1953 1
1954 0
1955 0
1956 14
1957 4
1958 0
1959 5
1960 1
1961 0
1962 0
1963 11
1964 4
1965 0
1966 7
1967 2
1968 1
1969 1
1970 0
1971 6
1972 4
1973 15
1974 4
1975 0
1976 0
1977 8
1978 0
1979 0
1980 0
1981 0
1982 0
1983 12
1984 0
1985 0
1986 0
1987 0
1988 1
1989 12
1990 0
1991 0
1992 0
1993 1
1994 0
1995 0
1996 0
1997 0
1998 22
1999 3
2000 15
2001 0
2002 0
2003 9
2004 8
2005 3
2006 0
2007 0
2008 2
2009 0
2010 1
2011 0
2012 2
2013 0
2014 2
2015 0
2016 2
2017 0
2018 4
2019 0
2020 7
2021 3
2022 6
2023 0
2024 6
2025 4
2026 0
2027 0
2028 0
2029 1
2030 7
2031 0
2032 0
2033 5
2034 2
2035 0
2036 8
2037 1
2038 8
2039 5
2040 0
2041 1
2042 0
2043 12
2044 0
2045 3
2046 6
2047 0
2048 0
2049 4
2050 3
2051 0
2052 0
2053 2
2054 1
2055 0
2056 0
2057 1
2058 0
2059 0
2060 0
2061 1
2062 12
2063 0
2064 0
2065 0
2066 2
2067 3
2068 1
2069 0
2070 3
2071 0
2072 0
2073 0
2074 1
2075 0
2076 0
2077 1
2078 8
2079 0
2080 4
2081 0
2082 2
2083 18
2084 0
2085 3
2086 3
2087 0
2088 0
2089 2
2090 14
2091 0
2092 0
2093 1
2094 0
2095 2
2096 0
2097 0
2098 0
2099 8
2100 0
2101 1
2102 1
2103 6
2104 1
2105 3
2106 0
2107 3
2108 0
2109 0
2110 4
2111 3
2112 17
2113 0
2114 5
2115 0
2116 1
2117 0
2118 4
2119 1
2120 8
2121 6
2122 0
2123 0
2124 3
2125 0
2126 0
2127 11
2128 0
2129 8
2130 0
2131 0
2132 0
2133 1
2134 0
2135 3
2136 0
2137 0
2138 2
2139 1
2140 1
2141 7
2142 3
2143 0
2144 0
2145 0
2146 0
2147 3
2148 0
2149 0
2150 0
2151 0
2152 0
2153 8
2154 18
2155 0
2156 5
2157 0
2158 19
2159 1
2160 1
2161 5
2162 0
2163 5
2164 3
2165 2
2166 0
2167 1
2168 0
2169 1
2170 0
2171 4
2172 0
2173 7
2174 0
2175 0
2176 0
2177 4
2178 4
2179 0
2180 0
2181 0
2182 0
2183 0
2184 3
2185 0
2186 0
2187 3
2188 1
2189 7
2190 0
2191 9
2192 0
2193 3
2194 0
2195 5
2196 0
2197 0
2198 4
2199 0
2200 3
2201 0
2202 0
2203 0
2204 2
2205 0
2206 0
2207 1
2208 6
2209 6
2210 4
2211 0
2212 8
2213 0
2214 13
2215 0
2216 0
2217 1
2218 0
2219 0
2220 0
2221 5
2222 0
2223 0
2224 8
2225 2
2226 8
2227 2
2228 9
2229 1
2230 0
2231 3
2232 13
2233 3
2234 1
2235 1
2236 1
2237 1
2238 0
2239 0
2240 0
2241 1
2242 5
2243 0
2244 0
2245 16
2246 2
2247 1
2248 0
2249 0
2250 0
2251 0
2252 20
2253 0
2254 7
2255 7
2256 0
2257 6
2258 0
2259 2
2260 0
2261 0
2262 0
2263 1
2264 0
2265 1
2266 1
2267 7
2268 0
2269 11
2270 0
2271 0
2272 7
2273 2
2274 0
2275 0
2276 0
2277 4
2278 1
2279 2
2280 0
2281 0
2282 1
2283 0
2284 0
2285 5
2286 1
2287 1
2288 6
2289 0
2290 0
2291 0
2292 3
2293 0
2294 2
2295 0
2296 9
2297 0
2298 0
2299 0
2300 15
2301 1
2302 0
2303 0
2304 15
2305 18
2306 1
2307 0
2308 0
2309 2
2310 0
2311 0
2312 0
2313 0
2314 2
2315 10
2316 13
2317 6
2318 0
2319 22
2320 0
2321 0
2322 0
2323 0
2324 5
2325 0
2326 0
2327 0
2328 0
2329 6
2330 0
2331 4
2332 1
2333 0
2334 0
2335 0
2336 0
2337 0
2338 0
2339 0
2340 0
2341 0
2342 1
2343 1
2344 2
2345 0
2346 0
2347 0
2348 6
2349 6
2350 0
2351 6
2352 1
2353 0
2354 0
2355 8
2356 0
2357 0
2358 0
2359 5
2360 2
2361 8
2362 11
2363 6
2364 5
2365 3
2366 1
2367 3
2368 5
2369 0
2370 18
2371 0
2372 0
2373 13
2374 4
2375 0
2376 0
2377 0
2378 4
2379 0
2380 0
2381 0
2382 0
2383 0
2384 2
2385 1
2386 16
2387 0
2388 0
2389 0
2390 1
2391 0
2392 0
2393 13
2394 12
2395 1
2396 13
2397 5
2398 5
2399 0
2400 17
2401 5
2402 0
2403 5
2404 1
2405 2
2406 6
2407 21
2408 3
2409 0
2410 7
2411 10
2412 0
2413 1
2414 0
2415 0
2416 2
2417 0
2418 0
2419 0
2420 4
2421 0
2422 0
2423 0
2424 0
2425 3
2426 1
2427 0
2428 4
2429 1
2430 6
2431 1
2432 0
2433 1
2434 2
2435 3
2436 0
2437 0
2438 20
2439 0
2440 25
2441 18
2442 0
2443 0
2444 0
2445 9
2446 7
2447 0
2448 10
2449 2
2450 3
2451 1
2452 2
2453 17
2454 0
2455 5
2456 1
2457 5
2458 0
2459 0
2460 0
2461 3
2462 0
2463 0
2464 4
2465 0
2466 0
2467 1
2468 2
2469 4
2470 14
2471 9
2472 0
2473 2
2474 0
2475 4
2476 0
2477 6
2478 0
2479 1
2480 5
2481 4
2482 30
2483 1
2484 5
2485 0
2486 1
2487 0
2488 3
2489 0
2490 0
2491 0
2492 3
2493 3
2494 0
2495 6
2496 0
2497 0
2498 3
2499 0
2500 0
2501 0
2502 0
2503 10
2504 6
2505 4
2506 6
2507 0
2508 0
2509 0
2510 0
2511 2
2512 19
2513 0
2514 0
2515 1
2516 0
2517 0
2518 0
2519 11
2520 1
2521 13
2522 6
2523 0
2524 0
2525 0
2526 2
2527 10
2528 7
2529 5
2530 2
2531 2
2532 26
2533 7
2534 0
2535 2
2536 9
2537 0
2538 0
2539 1
2540 0
2541 3
2542 7
2543 2
2544 0
2545 0
2546 0
2547 3
2548 0
2549 4
2550 1
2551 0
2552 0
2553 0
2554 1
2555 0
2556 0
2557 8
2558 1
2559 0
2560 9
2561 1
2562 0
2563 0
2564 1
2565 1
2566 3
2567 0
2568 2
2569 3
2570 0
2571 7
2572 4
2573 0
2574 2
2575 4
2576 0
2577 1
2578 15
2579 3
2580 0
2581 0
2582 0
2583 0
2584 0
2585 0
2586 1
2587 1
2588 1
2589 1
2590 0
2591 1
2592 0
2593 1
2594 0
2595 4
2596 1
2597 2
2598 1
2599 0
2600 0
2601 2
2602 2
2603 0
2604 0
2605 0
2606 1
2607 0
2608 0
2609 0
2610 0
2611 1
2612 0
2613 0
2614 3
2615 3
2616 2
2617 4
2618 3
2619 0
2620 0
2621 2
2622 9
2623 2
2624 2
2625 0
2626 1
2627 8
2628 3
2629 1
2630 0
2631 5
2632 0
2633 0
2634 2
2635 3
2636 0
2637 5
2638 4
2639 0
2640 1
2641 0
2642 2
2643 3
2644 1
2645 0
2646 8
2647 1
2648 3
2649 5
2650 3
2651 0
2652 5
2653 2
2654 4
2655 0
2656 2
2657 0
2658 1
2659 0
2660 3
2661 0
2662 19
2663 4
2664 2
2665 20
2666 0
2667 11
2668 5
2669 0
2670 9
2671 2
2672 2
2673 0
2674 0
2675 10
2676 6
2677 0
2678 2
2679 0
2680 6
2681 0
2682 1
2683 7
2684 6
2685 1
2686 0
2687 5
2688 0
2689 1
2690 0
2691 0
2692 0
2693 5
2694 0
2695 1
2696 21
2697 0
2698 8
2699 0
2700 0
2701 0
2702 1
2703 13
2704 1
2705 0
2706 0
2707 7
2708 1
2709 0
2710 0
2711 0
2712 0
2713 2
2714 0
2715 14
2716 18
2717 1
2718 0
2719 0
2720 0
2721 0
2722 0
2723 0
2724 5
2725 0
2726 1
2727 0
2728 0
2729 6
2730 1
2731 0
2732 0
2733 3
2734 10
2735 0
2736 5
2737 0
2738 4
2739 0
2740 0
2741 2
2742 0
2743 0
2744 3
2745 0
2746 12
2747 0
2748 0
2749 2
2750 1
2751 1
2752 13
2753 0
2754 0
2755 0
2756 12
2757 0
2758 0
2759 0
2760 1
2761 0
2762 4
2763 0
2764 0
2765 0
2766 0
2767 6
2768 1
2769 3
2770 11
2771 0
2772 0
2773 2
2774 0
2775 1
2776 0
2777 12
2778 0
2779 19
2780 0
2781 1
2782 0
2783 15
2784 0
2785 3
2786 0
2787 0
2788 4
2789 1
2790 0
2791 0
2792 7
2793 1
2794 16
2795 0
2796 0
2797 2
2798 6
2799 0
2800 2
2801 6
2802 0
2803 0
2804 0
2805 8
2806 1
2807 0
2808 0
2809 1
2810 15
2811 1
2812 0
2813 0
2814 0
2815 4
2816 12
2817 1
2818 0
2819 0
2820 1
2821 2
2822 1
2823 0
2824 12
2825 0
2826 2
2827 0
2828 7
2829 1
2830 0
2831 0
2832 0
2833 0
2834 1
2835 6
2836 18
2837 0
2838 0
2839 0
2840 5
2841 6
2842 4
2843 0
2844 3
2845 14
2846 0
2847 2
2848 8
2849 0
2850 0
2851 1
2852 0
2853 0
2854 0
2855 0
2856 2
2857 0
2858 0
2859 3
2860 9
2861 0
2862 2
2863 0
2864 0
2865 0
2866 3
2867 0
2868 12
2869 12
2870 4
2871 0
2872 0
2873 1
2874 1
2875 0
2876 0
2877 0
2878 4
2879 17
2880 0
2881 0
2882 2
2883 2
2884 0
2885 2
2886 0
2887 5
2888 0
2889 2
2890 0
2891 1
2892 0
2893 1
2894 9
2895 4
2896 0
2897 1
2898 0
2899 1
2900 10
2901 0
2902 0
2903 3
2904 1
2905 0
2906 0
2907 0
2908 5
2909 1
2910 5
2911 5
2912 4
2913 0
2914 0
2915 0
2916 3
2917 0
2918 0
2919 0
2920 4
2921 0
2922 0
2923 0
2924 1
2925 0
2926 4
2927 0
2928 0
2929 18
2930 0
2931 2
2932 0
2933 4
2934 0
2935 6
2936 0
2937 1
2938 0
2939 0
2940 1
2941 0
2942 0
2943 0
2944 0
2945 0
2946 0
2947 0
2948 0
2949 2
2950 2
2951 1
2952 2
2953 2
2954 0
2955 2
2956 0
2957 0
2958 2
2959 0
2960 0
2961 0
2962 0
2963 0
2964 1
2965 0
2966 0
2967 0
2968 0
2969 0
2970 0
2971 18
2972 5
2973 1
2974 1
2975 4
2976 5
2977 2
2978 6
2979 1
2980 8
2981 0
2982 0
2983 6
2984 3
2985 0
2986 0
2987 1
2988 0
2989 0
2990 0
2991 4
2992 0
2993 10
2994 1
2995 0
2996 0
2997 0
2998 8
2999 6
3000 0
3001 0
3002 0
3003 3
3004 0
3005 0
3006 0
3007 5
3008 0
3009 7
3010 1
3011 0
3012 0
3013 0
3014 0
3015 0
3016 0
3017 0
3018 1
3019 0
3020 5
3021 0
3022 0
3023 0
3024 0
3025 0
3026 0
3027 0
3028 1
3029 0
3030 0
3031 1
3032 5
3033 0
3034 6
3035 0
3036 0
3037 0
3038 0
3039 3
3040 0
3041 1
3042 2
3043 10
3044 0
3045 7
3046 0
3047 0
3048 1
3049 2
3050 0
3051 0
3052 0
3053 2
3054 1
3055 7
3056 0
3057 12
3058 0
3059 1
3060 0
3061 0
3062 0
3063 0
3064 0
3065 2
3066 3
3067 0
3068 0
3069 0
3070 0
3071 4
3072 16
3073 1
3074 0
3075 4
3076 4
3077 6
3078 7
3079 0
3080 2
3081 0
3082 1
3083 2
3084 0
3085 0
3086 1
3087 6
3088 5
3089 0
3090 0
3091 0
3092 2
3093 0
3094 0
3095 0
3096 0
3097 0
3098 0
3099 3
3100 9
3101 4
3102 17
3103 3
3104 0
3105 0
3106 2
3107 2
3108 1
3109 16
3110 3
3111 2
3112 0
3113 0
3114 0
3115 1
3116 9
3117 1
3118 0
3119 1
3120 0
3121 0
3122 2
3123 0
3124 2
3125 2
3126 9
3127 2
3128 0
3129 0
3130 0
3131 0
3132 1
3133 5
3134 0
3135 0
3136 1
3137 1
3138 5
3139 7
3140 2
3141 0
3142 4
3143 5
3144 0
3145 1
3146 8
3147 1
3148 2
3149 0
3150 5
3151 10
3152 5
3153 0
3154 0
3155 0
3156 0
3157 0
3158 10
3159 15
3160 0
3161 0
3162 7
3163 3
3164 0
3165 0
3166 6
3167 1
3168 2
3169 0
3170 6
3171 11
3172 1
3173 1
3174 2
3175 0
3176 5
3177 0
3178 0
3179 5
3180 5
3181 0
3182 0
3183 0
3184 5
3185 0
3186 1
3187 0
3188 0
3189 4
3190 3
3191 5
3192 1
3193 1
3194 0
3195 0
3196 10
3197 12
3198 1
3199 2
3200 0
3201 0
3202 0
3203 1
3204 0
3205 1
3206 4
3207 4
3208 0
3209 0
3210 2
3211 6
3212 0
3213 16
3214 0
3215 0
3216 0
3217 4
3218 0
3219 12
3220 5
3221 0
3222 3
3223 21
3224 1
3225 8
3226 0
3227 1
3228 2
3229 0
3230 0
3231 0
3232 0
3233 3
3234 0
3235 0
3236 0
3237 1
3238 5
3239 17
3240 6
3241 2
3242 0
3243 0
3244 1
3245 0
3246 0
3247 16
3248 0
3249 0
3250 1
3251 0
3252 0
3253 0
3254 3
3255 3
3256 3
3257 0
3258 3
3259 8
3260 2
3261 2
3262 0
3263 2
3264 1
3265 1
3266 3
3267 0
3268 0
3269 0
3270 6
3271 9
3272 4
3273 0
3274 0
3275 0
3276 0
3277 1
3278 6
3279 6
3280 0
3281 2
3282 18
3283 1
3284 0
3285 2
3286 2
3287 1
3288 0
3289 0
3290 0
3291 15
3292 12
3293 0
3294 0
3295 0
3296 2
3297 0
3298 0
3299 10
3300 0
3301 3
3302 3
3303 14
3304 0
3305 4
3306 0
3307 0
3308 2
3309 0
3310 0
3311 0
3312 0
3313 8
3314 0
3315 0
3316 0
3317 0
3318 0
3319 0
3320 0
3321 5
3322 1
3323 1
3324 0
3325 0
3326 1
3327 4
3328 0
3329 1
3330 0
3331 0
3332 4
3333 10
3334 13
3335 0
3336 1
3337 0
3338 1
3339 6
3340 6
3341 0
3342 0
3343 0
3344 0
3345 0
3346 0
3347 2
3348 0
3349 0
3350 0
3351 4
3352 0
3353 3
3354 3
3355 12
3356 7
3357 17
3358 0
3359 0
3360 0
3361 0
3362 0
3363 2
3364 0
3365 0
3366 0
3367 4
3368 0
3369 4
3370 0
3371 9
3372 0
3373 0
3374 0
3375 0
3376 1
3377 0
3378 1
3379 1
3380 8
3381 0
3382 0
3383 0
3384 0
3385 3
3386 6
3387 4
3388 0
3389 1
3390 0
3391 0
3392 0
3393 0
3394 2
3395 0
3396 0
3397 0
3398 0
3399 1
3400 19
3401 0
3402 4
3403 6
3404 2
3405 0
3406 0
3407 2
3408 1
3409 5
3410 9
3411 1
3412 0
3413 0
3414 0
3415 4
3416 0
3417 7
3418 0
3419 1
3420 19
3421 0
3422 3
3423 0
3424 2
3425 0
3426 8
3427 0
3428 1
3429 1
3430 0
3431 2
3432 0
3433 4
3434 2
3435 7
3436 5
3437 0
3438 8
3439 0
3440 0
3441 3
3442 0
3443 21
3444 0
3445 4
3446 4
3447 4
3448 3
3449 0
3450 0
3451 4
3452 0
3453 0
3454 0
3455 0
3456 1
3457 0
3458 0
3459 1
3460 7
3461 3
3462 1
3463 0
3464 11
3465 0
3466 1
3467 0
3468 3
3469 0
3470 5
3471 0
3472 0
3473 7
3474 0
3475 3
3476 2
3477 2
3478 1
3479 9
3480 0
3481 2
3482 0
3483 2
3484 0
3485 0
3486 6
3487 0
3488 2
3489 0
3490 0
3491 0
3492 0
3493 0
3494 0
3495 0
3496 1
3497 0
3498 0
3499 3
3500 9
3501 0
3502 8
3503 0
3504 0
3505 4
3506 0
3507 0
3508 2
3509 0
3510 0
3511 0
3512 0
3513 13
3514 1
3515 0
3516 0
3517 0
3518 7
3519 1
3520 1
3521 0
3522 2
3523 0
3524 0
3525 0
3526 2
3527 5
3528 1
3529 2
3530 3
3531 5
3532 12
3533 0
3534 0
3535 0
3536 4
3537 0
3538 0
3539 4
3540 0
3541 0
3542 5
3543 0
3544 0
3545 3
3546 0
3547 0
3548 4
3549 1
3550 3
3551 1
3552 0
3553 8
3554 0
3555 0
3556 0
3557 1
3558 3
3559 0
3560 4
3561 2
3562 2
3563 3
3564 0
3565 0
3566 16
3567 0
3568 1
3569 0
3570 0
3571 0
3572 0
3573 7
3574 3
3575 12
3576 0
3577 1
3578 3
3579 0
3580 0
3581 4
3582 0
3583 15
3584 3
3585 8
3586 0
3587 0
3588 0
3589 3
3590 0
3591 3
3592 11
3593 2
3594 0
3595 0
3596 3
3597 0
3598 0
3599 0
3600 0
3601 17
3602 0
3603 0
3604 8
3605 17
3606 3
3607 0
3608 0
3609 3
3610 3
3611 0
3612 2
3613 0
3614 0
3615 0
3616 4
3617 5
3618 2
3619 0
3620 2
3621 0
3622 0
3623 0
3624 0
3625 0
3626 1
3627 4
3628 0
3629 5
3630 7
3631 0
3632 0
3633 2
3634 8
3635 0
3636 19
3637 0
3638 0
3639 0
3640 0
3641 3
3642 2
3643 0
3644 26
3645 4
3646 0
3647 2
3648 0
3649 1
3650 0
3651 0
3652 0
3653 0
3654 1
3655 7
3656 0
3657 0
3658 2
3659 0
3660 0
3661 7
3662 0
3663 4
3664 19
3665 0
3666 0
3667 3
3668 0
3669 0
3670 1
3671 0
3672 0
3673 0
3674 0
3675 5
3676 0
3677 10
3678 0
3679 4
3680 10
3681 0
3682 6
3683 0
3684 7
3685 0
3686 1
3687 7
3688 6
3689 1
3690 0
3691 0
3692 0
3693 0
3694 1
3695 0
3696 0
3697 0
3698 0
3699 0
3700 0
3701 0
3702 0
3703 7
3704 0
3705 0
3706 2
3707 6
3708 0
3709 0
3710 0
3711 2
3712 0
3713 0
3714 0
3715 3
3716 0
3717 0
3718 0
3719 0
3720 0
3721 2
3722 0
3723 16
3724 0
3725 2
3726 1
3727 0
3728 0
3729 13
3730 5
3731 10
3732 0
3733 18
3734 0
3735 4
3736 5
3737 1
3738 0
3739 1
3740 0
3741 13
3742 0
3743 1
3744 0
3745 4
3746 2
3747 6
3748 0
3749 1
3750 0
3751 4
3752 0
3753 0
3754 0
3755 3
3756 1
3757 2
3758 2
3759 2
3760 1
3761 0
3762 0
3763 1
3764 0
3765 0
3766 1
3767 4
3768 0
3769 10
3770 0
3771 0
3772 1
3773 6
3774 0
3775 0
3776 8
3777 0
3778 0
3779 1
3780 3
3781 0
3782 0
3783 0
3784 5
3785 1
3786 0
3787 1
3788 0
3789 0
3790 0
3791 0
3792 4
3793 0
3794 2
3795 3
3796 5
3797 0
3798 1
3799 0
3800 13
3801 0
3802 3
3803 6
3804 0
3805 0
3806 0
3807 1
3808 0
3809 0
3810 0
3811 3
3812 0
3813 0
3814 0
3815 0
3816 2
3817 4
3818 5
3819 9
3820 6
3821 1
3822 0
3823 0
3824 5
3825 0
3826 5
3827 18
3828 0
3829 0
3830 2
3831 1
3832 0
3833 0
3834 0
3835 1
3836 8
3837 0
3838 0
3839 0
3840 0
3841 1
3842 2
3843 0
3844 0
3845 0
3846 1
3847 11
3848 0
3849 0
3850 9
3851 0
3852 0
3853 1
3854 0
3855 0
3856 2
3857 0
3858 0
3859 1
3860 0
3861 0
3862 3
3863 23
3864 10
3865 1
3866 4
3867 0
3868 3
3869 0
3870 0
3871 5
3872 2
3873 0
3874 0
3875 0
3876 4
3877 0
3878 3
3879 4
3880 0
3881 3
3882 4
3883 0
3884 0
3885 0
3886 3
3887 0
3888 0
3889 5
3890 0
3891 0
3892 5
3893 0
3894 0
3895 0
3896 1
3897 4
3898 2
3899 3
3900 0
3901 0
3902 0
3903 0
3904 0
3905 0
3906 1
3907 0
3908 10
3909 2
3910 4
3911 0
3912 0
3913 6
3914 0
3915 8
3916 2
3917 5
3918 0
3919 0
3920 0
3921 4
3922 6
3923 0
3924 2
3925 19
3926 2
3927 0
3928 4
3929 0
3930 0
3931 1
3932 0
3933 0
3934 2
3935 0
3936 0
3937 5
3938 0
3939 9
3940 0
3941 0
3942 0
3943 0
3944 0
3945 0
3946 3
3947 14
3948 12
3949 4
3950 5
3951 0
3952 0
3953 0
3954 5
3955 2
3956 0
3957 6
3958 0
3959 5
3960 7
3961 0
3962 0
3963 2
3964 1
3965 3
3966 0
3967 0
3968 2
3969 0
3970 17
3971 0
3972 1
3973 0
3974 2
3975 6
3976 1
3977 3
3978 5
3979 7
3980 1
3981 1
3982 0
3983 11
3984 0
3985 21
3986 0
3987 3
3988 3
3989 0
3990 0
3991 0
3992 0
3993 19
3994 4
3995 1
3996 0
3997 0
3998 0
3999 3
4000 6
4001 0
4002 0
4003 6
4004 1
4005 0
4006 0
4007 0
4008 0
4009 1
4010 0
4011 2
4012 13
4013 0
4014 7
4015 0
4016 3
4017 1
4018 0
4019 2
4020 0
4021 4
4022 0
4023 0
4024 8
4025 0
4026 0
4027 0
4028 2
4029 5
4030 2
4031 0
4032 0
4033 2
4034 0
4035 1
4036 0
4037 17
4038 3
4039 1
4040 0
4041 0
4042 6
4043 0
4044 0
4045 0
4046 0
4047 1
4048 1
4049 4
4050 2
4051 0
4052 0
4053 0
4054 0
4055 0
4056 0
4057 0
4058 0
4059 4
4060 5
4061 0
4062 0
4063 0
4064 0
4065 0
4066 0
4067 0
4068 0
4069 0
4070 0
4071 0
4072 0
4073 5
4074 0
4075 6
4076 0
4077 0
4078 0
4079 0
4080 15
4081 9
4082 0
4083 1
4084 7
4085 4
4086 0
4087 0
4088 0
4089 3
4090 2
4091 0
4092 3
4093 0
4094 0
4095 1
4096 0
4097 1
4098 3
4099 3
4100 0
4101 0
4102 0
4103 0
4104 0
4105 9
4106 3
4107 0
4108 9
4109 10
4110 0
4111 3
4112 8
4113 6
4114 0
4115 8
4116 0
4117 2
4118 0
4119 2
4120 0
4121 0
4122 2
4123 13
4124 5
4125 0
4126 2
4127 2
4128 5
4129 9
4130 0
4131 4
4132 0
4133 0
4134 0
4135 8
4136 0
4137 5
4138 0
4139 0
4140 0
4141 0
4142 0
4143 0
4144 5
4145 0
4146 0
4147 11
4148 0
4149 3
4150 2
4151 0
4152 6
4153 0
4154 0
4155 3
4156 6
4157 11
4158 16
4159 0
4160 4
4161 4
4162 10
4163 3
4164 3
4165 1
4166 0
4167 9
4168 0
4169 0
4170 4
4171 0
4172 0
4173 2
4174 0
4175 4
4176 0
4177 3
4178 4
4179 9
4180 0
4181 0
4182 0
4183 6
4184 0
4185 1
4186 0
4187 0
4188 0
4189 6
4190 2
4191 2
4192 7
4193 12
4194 0
4195 2
4196 0
4197 4
4198 9
4199 0
4200 4
4201 0
4202 0
4203 0
4204 3
4205 9
4206 0
4207 12
4208 0
4209 13
4210 0
4211 0
4212 0
4213 1
4214 7
4215 2
4216 0
4217 0
4218 7
4219 0
4220 6
4221 0
4222 0
4223 1
4224 0
4225 0
4226 0
4227 0
4228 6
4229 1
4230 3
4231 0
4232 0
4233 8
4234 4
4235 11
4236 0
4237 0
4238 0
4239 0
4240 0
4241 8
4242 0
4243 1
4244 3
4245 4
4246 0
4247 0
4248 0
4249 2
4250 7
4251 8
4252 9
4253 0
4254 0
4255 0
4256 0
4257 12
4258 0
4259 10
4260 0
4261 0
4262 11
4263 9
4264 8
4265 6
4266 0
4267 0
4268 1
4269 0
4270 0
4271 6
4272 0
4273 0
4274 0
4275 0
4276 6
4277 5
4278 3
4279 2
4280 0
4281 17
4282 5
4283 3
4284 5
4285 0
4286 1
4287 5
4288 5
4289 3
4290 3
4291 0
4292 9
4293 1
4294 5
4295 2
4296 0
4297 0
4298 3
4299 0
4300 4
4301 6
4302 4
4303 5
4304 4
4305 4
4306 7
4307 0
4308 0
4309 0
4310 8
4311 13
4312 1
4313 5
4314 0
4315 0
4316 5
4317 0
4318 2
4319 1
4320 1
4321 2
4322 0
4323 0
4324 4
4325 0
4326 11
4327 0
4328 9
4329 5
4330 3
4331 0
4332 6
4333 0
4334 5
4335 0
4336 0
4337 0
4338 0
4339 0
4340 0
4341 7
4342 9
4343 12
4344 9
4345 0
4346 0
4347 0
4348 4
4349 12
4350 5
4351 8
4352 5
4353 0
4354 0
4355 7
4356 10
4357 0
4358 14
4359 3
4360 0
4361 0
4362 7
4363 0
4364 2
4365 3
4366 1
4367 11
4368 0
4369 0
4370 0
4371 0
4372 3
4373 10
4374 1
4375 5
4376 1
4377 0
4378 0
4379 1
4380 0
4381 0
4382 4
4383 3
4384 7
4385 0
4386 0
4387 1
4388 0
4389 8
4390 0
4391 0
4392 5
4393 0
4394 5
4395 0
4396 5
4397 8
4398 0
4399 0
4400 7
4401 2
4402 0
4403 2
4404 0
4405 1
4406 0
4407 0
4408 7
4409 2
4410 0
4411 0
4412 2
4413 0
4414 0
4415 1
4416 0
4417 0
4418 0
4419 0
4420 0
4421 9
4422 8
4423 3
4424 13
4425 0
4426 6
4427 5
4428 1
4429 7
4430 0
4431 6
4432 0
4433 4
4434 8
4435 0
4436 0
4437 2
4438 7
4439 0
4440 0
4441 2
4442 2
4443 2
4444 0
4445 9
4446 0
4447 13
4448 0
4449 0
4450 0
4451 0
4452 10
4453 9
4454 1
4455 13
4456 1
4457 12
4458 3
4459 0
4460 1
4461 0
4462 3
4463 0
4464 7
4465 0
4466 0
4467 8
4468 0
4469 12
4470 4
4471 0
4472 0
4473 0
4474 1
4475 1
4476 0
4477 0
4478 10
4479 1
4480 0
4481 0
4482 3
4483 5
4484 3
4485 2
4486 2
4487 3
4488 3
4489 0
4490 0
4491 0
4492 1
4493 5
4494 0
4495 0
4496 0
4497 4
4498 6
4499 0
4500 0
4501 4
4502 14
4503 1
4504 0
4505 3
4506 0
4507 0
4508 0
4509 1
4510 1
4511 1
4512 0
4513 0
4514 4
4515 0
4516 5
4517 0
4518 8
4519 0
4520 0
4521 0
4522 0
4523 0
4524 0
4525 1
4526 0
4527 3
4528 0
4529 0
4530 9
4531 3
4532 0
4533 0
4534 8
4535 5
4536 0
4537 2
4538 0
4539 0
4540 9
4541 7
4542 1
4543 0
4544 0
4545 0
4546 3
4547 1
4548 3
4549 0
4550 0
4551 3
4552 9
4553 0
4554 0
4555 3
4556 4
4557 8
4558 0
4559 0
4560 0
4561 7
4562 0
4563 0
4564 1
4565 3
4566 0
4567 3
4568 4
4569 1
4570 0
4571 9
4572 8
4573 0
4574 0
4575 9
4576 0
4577 0
4578 0
4579 0
4580 11
4581 0
4582 0
4583 0
4584 4
4585 11
4586 6
4587 0
4588 0
4589 2
4590 0
4591 1
4592 0
4593 2
4594 9
4595 0
4596 5
4597 0
4598 0
4599 3
4600 0
4601 1
4602 0
4603 8
4604 3
4605 0
4606 0
4607 2
4608 0
4609 6
4610 0
4611 2
4612 0
4613 4
4614 12
4615 7
4616 0
4617 6
4618 0
4619 11
4620 0
4621 1
4622 0
4623 0
4624 0
4625 10
4626 10
4627 10
4628 4
4629 3
4630 0
4631 2
4632 0
4633 5
4634 0
4635 8
4636 0
4637 0
4638 2
4639 12
4640 10
4641 10
4642 0
4643 0
4644 0
4645 10
4646 0
4647 0
4648 0
4649 0
4650 3
4651 0
4652 5
4653 1
4654 8
4655 0
4656 5
4657 0
4658 11
4659 0
4660 0
4661 7
4662 8
4663 4
4664 14
4665 0
4666 5
4667 7
4668 0
4669 6
4670 0
4671 1
4672 0
4673 0
4674 1
4675 0
4676 0
4677 0
4678 0
4679 0
4680 0
4681 0
4682 0
4683 0
4684 6
4685 10
4686 1
4687 2
4688 5
4689 4
4690 0
4691 0
4692 0
4693 0
4694 9
4695 0
4696 0
4697 0
4698 2
4699 4
4700 2
4701 8
4702 11
4703 0
4704 0
4705 11
4706 0
4707 7
4708 15
4709 4
4710 10
4711 1
4712 0
4713 4
4714 0
4715 9
4716 0
4717 0
4718 0
4719 9
4720 0
4721 0
4722 6
4723 0
4724 0
4725 10
4726 11
4727 6
4728 0
4729 3
4730 0
4731 0
4732 0
4733 0
4734 0
4735 0
4736 0
4737 0
4738 0
4739 9
4740 0
4741 0
4742 0
4743 4
4744 9
4745 2
4746 10
4747 0
4748 0
4749 5
4750 0
4751 0
4752 3
4753 2
4754 7
4755 0
4756 0
4757 0
4758 0
4759 3
4760 2
4761 3
4762 0
4763 0
4764 1
4765 0
4766 0
4767 0
4768 10
4769 3
4770 3
4771 5
4772 5
4773 10
4774 0
4775 1
4776 0
4777 8
4778 7
4779 0
4780 6
4781 0
4782 5
4783 3
4784 6
4785 0
4786 6
4787 2
4788 15
4789 0
4790 4
4791 10
4792 2
4793 0
4794 8
4795 3
4796 0
4797 0
4798 0
4799 8
4800 10
4801 0
4802 10
4803 0
4804 4
4805 2
4806 4
4807 0
4808 0
4809 0
4810 1
4811 0
4812 9
4813 4
4814 0
4815 1
4816 0
4817 0
4818 4
4819 0
4820 8
4821 3
4822 10
4823 2
4824 0
4825 0
4826 7
4827 2
4828 0
4829 7
4830 6
4831 0
4832 0
4833 7
4834 2
4835 0
4836 0
4837 0
4838 0
4839 0
4840 5
4841 3
4842 0
4843 0
4844 0
4845 4
4846 2
4847 2
4848 12
4849 9
4850 3
4851 5
4852 0
4853 4
4854 0
4855 1
4856 3
4857 15
4858 0
4859 8
4860 12
4861 5
4862 0
4863 0
4864 2
4865 0
4866 0
4867 1
4868 6
4869 13
4870 1
4871 0
4872 0
4873 0
4874 10
4875 10
4876 5
4877 1
4878 3
4879 1
4880 8
4881 0
4882 2
4883 0
4884 1
4885 5
4886 8
4887 0
4888 0
4889 3
4890 0
4891 3
4892 0
4893 8
4894 6
4895 1
4896 0
4897 13
4898 4
4899 5
4900 0
4901 3
4902 0
4903 1
4904 9
4905 4
4906 0
4907 0
4908 0
4909 0
4910 1
4911 0
4912 9
4913 0
4914 0
4915 7
4916 4
4917 2
4918 7
4919 2
4920 0
4921 6
4922 16
4923 0
4924 0
4925 1
4926 7
4927 0
4928 0
4929 2
4930 0
4931 4
4932 0
4933 0
4934 0
4935 12
4936 0
4937 0
4938 6
4939 5
4940 6
4941 0
4942 2
4943 11
4944 0
4945 5
4946 0
4947 7
4948 2
4949 3
4950 0
4951 0
4952 4
4953 6
4954 5
4955 1
4956 0
4957 9
4958 0
4959 0
4960 0
4961 6
4962 1
4963 8
4964 4
4965 8
4966 5
4967 0
4968 0
4969 4
4970 10
4971 15
4972 7
4973 12
4974 0
4975 0
4976 0
4977 0
4978 1
4979 9
4980 0
4981 0
4982 0
4983 1
4984 0
4985 0
4986 0
4987 0
4988 0
4989 4
4990 1
4991 11
4992 0
4993 8
4994 0
4995 0
4996 0
4997 3
4998 9
4999 5
5000 8
5001 0
5002 0
5003 0
5004 6
5005 7
5006 0
5007 0
5008 5
5009 2
5010 12
5011 1
5012 0
5013 1
5014 12
5015 13
5016 0
5017 0
5018 0
5019 1
5020 6
5021 0
5022 0
5023 0
5024 0
5025 3
5026 0
5027 5
5028 7
5029 8
5030 0
5031 1
5032 3
5033 4
5034 0
5035 0
5036 0
5037 0
5038 0
5039 0
5040 8
5041 8
5042 0
5043 0
5044 0
5045 0
5046 0
5047 0
5048 13
5049 7
5050 0
5051 0
5052 11
5053 0
5054 1
5055 0
5056 2
5057 7
5058 3
5059 1
5060 0
5061 8
5062 9
5063 0
5064 9
5065 0
5066 3
5067 11
5068 1
5069 0
5070 1
5071 9
5072 12
5073 0
5074 0
5075 0
5076 0
5077 12
5078 1
5079 4
5080 10
5081 0
5082 1
5083 0
5084 3
5085 0
5086 0
5087 5
5088 8
5089 0
5090 3
5091 0
5092 9
5093 6
5094 0
5095 11
5096 6
5097 2
5098 0
5099 6
5100 0
5101 1
5102 13
5103 5
5104 0
5105 11
5106 0
5107 8
5108 4
5109 0
5110 6
5111 0
5112 1
5113 5
5114 4
5115 7
5116 2
5117 11
5118 0
5119 5
5120 6
5121 0
5122 0
5123 8
5124 4
5125 0
5126 0
5127 0
5128 9
5129 6
5130 3
5131 0
5132 8
5133 9
5134 5
5135 0
5136 0
5137 0
5138 0
5139 8
5140 0
5141 0
5142 8
5143 9
5144 2
5145 1
5146 0
5147 0
5148 0
5149 0
5150 1
5151 0
5152 0
5153 0
5154 0
5155 10
5156 0
5157 3
5158 1
5159 0
5160 0
5161 9
5162 0
5163 0
5164 5
5165 0
5166 0
5167 0
5168 13
5169 0
5170 2
5171 5
5172 2
5173 0
5174 0
5175 0
5176 7
5177 4
5178 0
5179 4
5180 0
5181 0
5182 7
5183 0
5184 9
5185 0
5186 7
5187 10
5188 8
5189 5
5190 2
5191 0
5192 0
5193 0
5194 0
5195 0
5196 0
5197 9
5198 8
5199 8
5200 0
5201 12
5202 0
5203 4
5204 13
5205 4
5206 6
5207 0
5208 0
5209 9
5210 0
5211 7
5212 9
5213 7
5214 0
5215 0
5216 8
5217 6
5218 0
5219 9
5220 6
5221 6
5222 0
5223 0
5224 0
5225 2
5226 0
5227 1
5228 8
5229 0
5230 2
5231 8
5232 2
5233 0
5234 10
5235 3
5236 0
5237 10
5238 6
5239 0
5240 1
5241 5
5242 5
5243 2
5244 3
5245 0
5246 8
5247 0
5248 0
5249 0
5250 0
5251 0
5252 6
5253 0
5254 0
5255 7
5256 0
5257 0
5258 0
5259 6
5260 0
5261 0
5262 0
5263 10
5264 0
5265 0
5266 8
5267 0
5268 7
5269 0
5270 0
5271 4
5272 12
5273 11
5274 7
5275 0
5276 0
5277 5
5278 0
5279 9
5280 0
5281 11
5282 0
5283 11
5284 3
5285 0
5286 0
5287 0
5288 0
5289 0
5290 0
5291 0
5292 0
5293 3
5294 0
5295 0
5296 10
5297 7
5298 2
5299 1
5300 5
5301 10
5302 0
5303 0
5304 0
5305 0
5306 0
5307 8
5308 6
5309 0
5310 4
5311 12
5312 0
5313 4
5314 0
5315 0
5316 0
5317 0
5318 0
5319 5
5320 0
5321 0
5322 0
5323 9
5324 5
5325 3
5326 9
5327 0
5328 6
5329 12
5330 1
5331 0
5332 1
5333 0
5334 9
5335 0
5336 0
5337 0
5338 2
5339 0
5340 0
5341 5
5342 2
5343 7
5344 5
5345 3
5346 1
5347 0
5348 3
5349 6
5350 8
5351 1
5352 9
5353 4
5354 1
5355 7
5356 15
5357 0
5358 7
5359 0
5360 7
5361 7
5362 7
5363 0
5364 6
5365 3
5366 2
5367 0
5368 5
5369 7
5370 2
5371 13
5372 0
5373 7
5374 0
5375 8
5376 1
5377 12
5378 0
5379 0
5380 0
5381 0
5382 13
5383 1
5384 0
5385 0
5386 14
5387 0
5388 1
5389 5
5390 1
5391 0
5392 0
5393 0
5394 0
5395 2
5396 13
5397 0
5398 3
5399 0
5400 4
5401 5
5402 0
5403 0
5404 2
5405 0
5406 6
5407 9
5408 1
5409 0
5410 6
5411 0
5412 0
5413 7
5414 13
5415 3
5416 0
5417 4
5418 7
5419 9
5420 8
5421 8
5422 11
5423 0
5424 0
5425 1
5426 4
5427 1
5428 0
5429 0
5430 3
5431 8
5432 6
5433 0
5434 4
5435 8
5436 3
5437 0
5438 0
5439 0
5440 2
5441 6
5442 0
5443 1
5444 2
5445 0
5446 9
5447 1
5448 1
5449 4
5450 0
5451 1
5452 0
5453 5
5454 0
5455 0
5456 2
5457 0
5458 0
5459 0
5460 10
5461 5
5462 0
5463 10
5464 11
5465 0
5466 0
5467 0
5468 8
5469 9
5470 0
5471 0
5472 8
5473 2
5474 3
5475 8
5476 5
5477 10
5478 2
5479 1
5480 10
5481 7
5482 0
5483 0
5484 1
5485 3
5486 0
5487 4
5488 7
5489 0
5490 5
5491 2
5492 0
5493 0
5494 8
5495 0
5496 6
5497 0
5498 10
5499 1
5500 2
5501 0
5502 0
5503 5
5504 11
5505 8
5506 0
5507 0
5508 0
5509 0
5510 8
5511 0
5512 4
5513 1
5514 0
5515 0
5516 1
5517 12
5518 0
5519 6
5520 5
5521 9
5522 0
5523 0
5524 0
5525 0
5526 6
5527 3
5528 3
5529 2
5530 6
5531 0
5532 0
5533 0
5534 3
5535 7
5536 0
5537 0
5538 7
5539 4
5540 12
5541 1
5542 0
5543 0
5544 4
5545 2
5546 5
5547 0
5548 2
5549 1
5550 7
5551 0
5552 7
5553 12
5554 0
5555 4
5556 15
5557 2
5558 0
5559 0
5560 9
5561 3
5562 0
5563 11
5564 3
5565 6
5566 0
5567 6
5568 0
5569 0
5570 1
5571 2
5572 2
5573 5
5574 2
5575 10
5576 7
5577 0
5578 0
5579 3
5580 2
5581 0
5582 4
5583 0
5584 13
5585 0
5586 8
5587 0
5588 0
5589 12
5590 0
5591 2
5592 0
5593 6
5594 0
5595 4
5596 3
5597 11
5598 5
5599 11
5600 3
5601 0
5602 0
5603 0
5604 3
5605 2
5606 0
5607 0
5608 14
5609 0
5610 0
5611 1
5612 7
5613 0
5614 0
5615 0
5616 5
5617 12
5618 1
5619 4
5620 3
5621 16
5622 0
5623 0
5624 0
5625 0
5626 0
5627 0
5628 0
5629 12
5630 8
5631 6
5632 1
5633 6
5634 9
5635 0
5636 0
5637 2
5638 9
5639 3
5640 5
5641 11
5642 2
5643 0
5644 0
5645 0
5646 0
5647 6
5648 0
5649 4
5650 0
5651 0
5652 0
5653 2
5654 12
5655 0
5656 0
5657 0
5658 4
5659 3
5660 0
5661 5
5662 0
5663 5
5664 0
5665 0
5666 1
5667 0
5668 5
5669 2
5670 7
5671 1
5672 0
5673 2
5674 1
5675 0
5676 11
5677 8
5678 2
5679 0
5680 4
5681 0
5682 1
5683 0
5684 3
5685 2
5686 4
5687 6
5688 0
5689 4
5690 0
5691 0
5692 3
5693 2
5694 10
5695 0
5696 0
5697 8
5698 5
5699 3
5700 8
5701 14
5702 8
5703 0
5704 0
5705 11
5706 10
5707 9
5708 4
5709 0
5710 0
5711 8
5712 1
5713 0
5714 0
5715 2
5716 3
5717 16
5718 7
5719 8
5720 0
5721 0
5722 1
5723 0
5724 9
5725 6
5726 0
5727 1
5728 9
5729 3
5730 0
5731 12
5732 1
5733 2
5734 12
5735 0
5736 0
5737 8
5738 9
5739 5
5740 0
5741 2
5742 7
5743 0
5744 0
5745 0
5746 3
5747 0
5748 11
5749 0
5750 0
5751 0
5752 7
5753 0
5754 9
5755 1
5756 0
5757 5
5758 1
5759 3
5760 1
5761 3
5762 0
5763 11
5764 7
5765 0
5766 6
5767 0
5768 14
5769 0
5770 0
5771 7
5772 0
5773 0
5774 4
5775 5
5776 0
5777 1
5778 0
5779 8
5780 0
5781 2
5782 0
5783 2
5784 7
5785 0
5786 2
5787 7
5788 0
5789 0
5790 6
5791 1
5792 4
5793 2
5794 0
5795 10
5796 0
5797 10
5798 0
5799 0
5800 0
5801 0
5802 0
5803 0
